5.4287969442623873e-2
4.6504154421869386e-2
4.3088061528197684e-2
4.153430539992624e-2
4.0287250611358946e-2
3.995752787820273e-2
3.893547197380259e-2
3.81229577322518e-2
3.738782356216128e-2
3.67927440326434e-2
3.575466711769805e-2
3.5419353474703485e-2
3.490696303187053e-2
3.4596784991930765e-2
3.4069783011621106e-2
3.3800338743360796e-2
3.3510504098042945e-2
3.298336117042643e-2
3.25578412510483e-2
3.311975118102097e-2
3.250432825688117e-2
3.2383912274396215e-2
3.2137583364459196e-2
3.1960788459234515e-2
3.192512879060164e-2
3.180335031748381e-2
3.15893453232509e-2
3.149890413468925e-2
3.13607757739769e-2
3.1297067591281e-2
