0.0328228285838 0.0 0.0328228285838 0.0328228285838
0.0343324137462 0.000406154675375 0.034045219021 0.0346196084713
0.0373537948937 0.00305393685557 0.035569088051 0.039754253508
0.0384678751039 0.00384524436112 0.03665484309 0.0416869472979
0.032755490815 0.000927676769785 0.0320428742684 0.0333333333333
0.042430115099 0.00416998135672 0.0407557227123 0.0457389439229
0.0328493784167 0.00112184279842 0.0324377774602 0.0337101183369
0.0383925328169 0.0058130765351 0.0360169427654 0.0421117526765
0.0374129840037 0.0056595103324 0.0349984334762 0.0402476662221
0.0343482082704 0.00270760037681 0.032657202717 0.035663619538
0.0328268005717 0.00224715563432 0.0320233808851 0.0345927715236
0.054378251168 0.00673520774138 0.0506648792114 0.0575931173676
0.0328058954111 0.00216000813765 0.0315385165923 0.0335663334685
0.0342582886678 0.00470598044283 0.032110388112 0.0378051594444
0.0374195261008 0.00983274775906 0.0338365379522 0.0419619683246
0.0384674410093 0.00855263429204 0.0359878595173 0.0431541166835
0.0326112015965 0.00347384361239 0.0309644255875 0.0346088990426
0.0426297143679 0.0104185285059 0.0382302076797 0.0477341944568
0.0330004688488 0.0073634143017 0.0306207696111 0.0368608596321
0.0383963701071 0.0113280485392 0.0350087240389 0.0457589913885
0.037353376412 0.0118938591669 0.0336064723576 0.0433979877606
0.0343649189181 0.00528701130426 0.0322721026111 0.0370825370825
0.0324927492955 0.00711296837402 0.0303837157219 0.0377245806997
0.0543643496075 0.0153667335434 0.0491643151726 0.0627577599305
0.032520904383 0.00502772261293 0.0306218685529 0.0344532861774
0.0343472818642 0.00740780953633 0.0317751004016 0.0373864541833
0.0376335338802 0.0131024220879 0.034052330167 0.0444329183956
0.0383914036238 0.0121364896625 0.0344087612846 0.0458043510434
0.0331329509279 0.0081227220673 0.0305158730159 0.0369841269841
0.0425136737803 0.0193524614203 0.0380924195662 0.0524246395806
